112,1455
112,1411
112,72
112,5205
112,4470
0,1227
0,1226
0,1225
0,1224
0,1223
0,1222
0,1221
0,1220
0,1219
0,1218
0,1217
0,1216
0,1191
0,1190
0,1189
0,1188
0,1187
0,1186
0,1185
0,1184
0,1183
0,1182
0,1181
0,1180
0,1179
0,1178
0,1177
0,1176
0,1175
0,1174
0,1173
0,1172
0,1171
0,1170
0,1169
0,1168
0,1167
0,1166
0,1165
0,1164
0,1163
0,1162
0,1161
0,1160
0,1159
0,1158
0,1157
0,1156
0,1155
0,1154
0,1153
0,1152
0,1151
0,1150
0,1149
0,1148
0,1147
0,1146
0,1145
0,1144
0,1143
0,1142
0,1141
0,1140
0,1139
0,1138
0,1137
0,1136
0,1135
0,1134
0,1133
0,1132
0,1131
0,1130
0,1129
0,1128
0,1127
0,1126
0,1125
0,1124
0,1123
0,1122
0,1121
0,1120
0,1119
0,1118
0,1117
0,1116
0,1115
0,1114
0,1113
0,1112
0,1111
0,1110
0,1109
0,1108
0,1107
0,1106
0,1105
0,1104
0,1103
0,1102
0,1101
0,1100
0,1099
0,1098
0,1097
0,1096
0,1095
0,1094
0,1093
0,1092
0,1091
0,1090
0,1089
0,1088
0,1087
0,1086
0,1085
0,1084
0,1083
0,1082
0,1081
0,1080
0,1079
0,1078
0,1077
0,1076
0,1075
0,1074
0,1073
0,1072
0,1071
0,1070
0,1069
0,1068
0,1067
0,1066
0,1065
0,1064
0,1063
0,1062
0,1061
0,1060
0,1059
0,1058
0,1057
0,1056
0,1055
0,1054
0,1053
0,1052
0,1051
0,1050
0,1049
0,1048
0,1047
0,1046
0,1045
0,1044
0,1043
0,1042
0,1041
0,1040
0,1039
0,1038
0,1037
0,1036
0,1035
0,1034
0,1033
0,1032
0,1031
0,1030
0,1029
0,1028
0,1027
0,1026
0,1025
0,1024
0,1023
0,1022
0,1021
0,1020
0,1019
0,1018
0,1017
0,1016
0,1015
0,1014
0,1013
0,1012
0,1011
0,1010
0,1009
0,1008
0,1007
0,1006
0,1005
0,1004
0,1003
0,1002
0,1001
0,1000
0,999
0,998
0,997
0,996
0,995
0,994
0,993
0,992
0,991
0,990
0,989
0,988
0,987
0,986
0,985
0,984
0,983
0,982
0,981
0,980
0,979
0,978
0,977
0,976
0,975
0,974
0,973
0,972
0,971
0,970
0,969
0,968
0,967
0,966
0,965
0,964
0,963
0,962
0,961
0,960
0,959
0,958
0,957
0,956
0,955
0,954
0,953
0,952
0,951
0,950
0,949
0,948
0,947
0,946
0,945
0,944
0,943
0,942
0,941
0,940
0,939
0,938
0,937
0,936
0,935
0,934
0,933
0,932
0,931
0,930
0,929
0,928
0,927
0,926
0,925
0,924
0,923
0,922
0,921
0,920
0,919
0,918
0,917
0,916
0,915
0,914
0,913
0,912
0,911
0,910
0,909
0,908
0,907
0,906
0,905
0,904
0,903
0,902
0,901
0,900
0,899
0,898
0,897
0,896
0,895
0,894
0,893
0,892
0,891
0,890
0,889
0,888
0,887
0,886
0,885
0,884
0,883
0,882
0,881
0,880
0,879
0,878
0,877
0,876
0,875
0,874
0,873
0,872
0,871
0,870
0,869
0,868
0,867
0,866
0,865
0,864
0,863
0,862
0,861
0,860
0,859
0,858
0,857
0,856
0,855
0,854
0,853
0,852
0,851
0,850
0,849
0,848
0,847
0,846
0,845
0,844
0,843
0,842
0,841
0,840
0,839
0,838
0,837
0,836
0,835
0,834
0,833
0,832
0,831
0,830
0,829
0,828
0,827
0,826
0,825
0,824
0,823
0,822
0,821
0,820
0,819
0,818
0,817
0,816
0,815
0,814
0,813
0,812
0,811
0,810
0,809
0,808
0,807
0,806
0,805
0,804
0,803
0,802
0,801
0,800
0,799
0,798
0,797
0,796
0,795
0,794
0,793
0,792
0,791
0,790
0,789
0,788
0,787
0,786
0,785
0,784
0,783
0,782
0,781
0,780
0,779
0,778
0,777
0,776
0,775
0,774
0,773
0,772
0,771
0,770
0,769
0,768
0,767
0,766
0,765
0,764
0,763
0,762
0,761
0,760
0,759
0,758
0,757
0,756
0,755
0,754
0,753
0,752
0,751
0,750
0,749
0,748
0,747
0,746
0,745
0,744
0,743
0,742
0,741
0,740
0,739
0,738
0,737
0,736
0,735
0,734
0,733
0,732
0,731
0,730
0,729
0,728
0,727
0,726
0,725
0,724
0,723
0,722
0,721
0,720
0,719
0,718
0,717
0,716
0,715
0,714
0,713
0,712
0,711
0,710
0,709
0,708
0,707
0,706
0,705
0,704
0,703
0,702
0,701
0,700
0,699
0,698
0,697
0,696
0,695
0,694
0,693
0,692
0,691
0,690
0,689
0,688
0,687
0,686
0,685
0,684
0,683
0,682
0,681
0,680
0,679
0,678
0,677
0,676
0,675
0,674
0,673
0,672
0,671
0,670
0,669
0,668
0,667
0,666
0,665
0,664
0,663
0,662
0,661
0,660
0,659
0,658
0,657
0,656
0,655
0,654
0,653
0,652
0,651
0,650
0,649
0,648
0,647
0,646
0,645
0,644
0,643
0,642
0,641
0,640
0,639
0,638
0,637
0,636
0,635
0,634
0,633
0,632
0,631
0,630
0,629
0,628
0,627
0,626
0,625
0,624
0,623
0,622
0,621
0,620
0,619
0,618
0,617
0,616
0,615
0,614
0,613
0,612
0,611
0,610
0,609
0,608
0,607
0,606
0,605
0,604
0,603
0,602
0,601
0,600
0,599
0,598
0,597
0,596
0,595
0,594
0,593
0,592
0,591
0,590
0,589
0,588
0,587
0,586
0,585
0,584
0,583
0,582
0,581
0,580
0,579
0,578
0,577
0,576
0,575
0,574
0,573
0,572
0,571
0,570
0,569
0,568
0,567
0,566
0,565
0,564
0,563
0,562
0,561
0,560
0,559
0,558
0,557
0,556
0,555
0,554
0,553
0,552
112,1417
112,549
112,492
112,4325
112,1442
112,4510
112,4506
112,4509
112,15
112,4324
112,1426
112,89
112,1464
112,1458
112,2245
112,87
112,5204
112,448
112,2297
112,505
112,28
112,104
112,499
112,1680
112,5203
112,503
112,4469
112,1427
112,1416
112,79
112,5202
112,468
112,1667
112,462
112,1359
112,958
112,919
112,4257
112,2017
112,5201
112,2018
112,1773
112,4468
112,4467
112,4322
112,213
157,10
157,9
157,8
112,4508
112,4507
112,4504
112,4505
112,4502
112,4503
112,4501
112,4499
112,4500
112,4497
112,4498
112,3240
139,263
139,1522
112,3535
139,852
112,5200
112,4496
112,3241
139,706
139,705
139,497
139,465
139,724
112,3020
139,470
139,751
139,855
139,637
139,1001
139,36
112,5199
112,4256
139,576
112,3326
112,2683
139,468
112,2364
139,205
112,2701
139,716
139,988
112,4323
112,18
139,502
139,1261
139,832
139,1600
112,4555
112,5198
139,968
112,3533
139,503
112,3019
139,749
139,1202
139,1201
139,863
139,707
112,3557
139,837
112,4466
139,727
139,234
139,1521
139,299
139,242
139,838
139,997
139,581
139,201
112,5249
112,5248
112,5197
139,236
112,3029
139,961
139,301
139,251
139,758
112,3568
139,890
139,577
139,459
112,4737
139,55
139,192
112,5196
112,3532
112,4151
139,713
112,3788
139,973
139,715
112,2681
112,4495
112,41
139,764
112,3567
139,30
139,473
139,462
139,235
139,1260
139,755
112,5195
139,449
139,721
112,4556
139,734
139,639
139,245
139,308
139,839
139,1520
139,493
139,732
112,3570
139,460
112,5194
112,4321
139,453
139,765
139,57
139,1536
139,719
139,244
112,5193
139,488
139,629
139,735
112,3572
112,5192
139,582
139,741
139,1519
139,833
139,846
139,304
139,754
112,4133
139,723
112,5191
112,2068
112,5190
139,496
112,4243
112,2680
139,1518
112,2953
139,752
112,5189
112,4150
112,2707
139,311
139,300
112,4494
112,4492
112,4493
112,2341
112,4255
112,4318
112,5188
139,261
139,730
112,2648
112,4149
112,4148
139,1259
139,766
112,5187
139,207
139,756
112,4465
139,54
112,2686
139,1258
139,1517
112,5186
112,2643
112,3011
139,750
112,2971
139,32
112,3536
139,1200
112,3581
112,5185
139,456
139,451
139,739
139,737
112,4320
139,34
112,3573
112,5184
112,4254
139,1516
112,5183
139,1257
112,548
139,256
112,4553
112,5182
112,4319
112,4317
139,1256
139,448
112,5181
112,4491
139,63
112,5180
139,1515
112,4554
112,5179
112,4147
112,5178
139,633
139,985
139,966
112,4464
112,5177
112,3017
139,1514
112,2674
139,627
139,726
112,5176
139,471
112,3555
112,3564
139,636
139,738
112,5175
139,309
112,4253
112,2647
112,3027
139,970
112,4552
112,5174
139,20
112,4490
112,3263
139,876
112,2652
139,1513
112,5173
112,4489
112,2340
139,895
112,3556
112,5172
112,4463
139,881
112,3547
112,3013
112,5171
139,272
139,1199
112,4314
139,1255
139,1254
139,264
139,1512
112,5170
112,4146
139,984
112,2639
112,5169
139,731
112,3530
112,5168
139,1511
139,1253
112,5167
139,757
139,232
139,583
139,52
139,980
112,4252
112,5166
112,2070
112,4316
139,475
139,492
112,3015
112,5165
112,3543
139,499
112,546
139,1252
112,4315
112,4311
112,4550
112,5164
139,761
139,1510
139,1251
139,989
112,3026
139,203
112,5163
139,892
112,3025
139,962
112,5162
112,2638
139,248
112,5161
139,505
112,4488
112,539
112,4145
139,1509
112,5160
139,196
112,5159
112,4551
139,481
112,5158
139,211
139,1508
112,4251
139,990
112,4313
112,5157
112,2342
139,982
139,1198
112,5156
139,206
139,746
112,2363
139,971
112,5155
139,1250
112,4312
112,3551
112,4308
139,1507
139,510
112,5154
139,202
112,4487
112,547
112,4486
112,5153
139,268
112,4144
112,5152
139,1088
112,3014
139,1506
139,760
139,708
112,5151
139,494
112,4462
112,5150
112,5149
112,2679
112,4250
139,1249
112,3550
112,5148
112,3554
139,1505
139,319
139,1248
139,853
112,4310
112,5147
139,722
112,5146
139,744
139,1247
139,38
112,4461
112,3562
112,5145
112,3549
139,1504
112,3529
139,835
139,1246
112,4309
112,4307
112,5144
139,306
112,3520
112,4485
112,3256
112,4143
112,5143
139,733
112,4549
112,5142
139,1197
139,740
139,1503
112,5141
112,4249
112,5140
112,3553
112,5139
139,1000
139,231
139,736
139,1502
112,5138
112,3538
139,717
112,5137
112,4460
112,4303
139,463
112,5136
139,860
139,29
112,3528
139,1501
139,279
112,5135
112,2265
139,742
112,2678
112,4142
139,994
139,867
112,5134
139,258
139,316
139,511
112,4459
112,5133
112,3016
112,5132
139,1500
112,4484
112,544
139,882
112,4248
112,2632
139,1245
112,5131
139,464
112,4458
139,1244
112,3524
112,4483
112,5130
112,4457
112,2635
112,3569
139,305
112,5129
112,4548
139,495
139,1499
139,21
139,1243
112,5128
139,1196
139,461
139,1242
139,454
139,480
112,3541
139,718
112,5127
112,2367
112,5126
112,4141
139,1498
139,763
112,4306
112,4304
139,618
112,5125
112,542
139,836
112,5124
112,3539
139,200
112,5123
112,2684
139,302
112,4247
139,1241
139,1497
139,1021
112,5122
112,4305
112,3262
112,532
112,3552
112,5121
139,310
112,3540
139,509
139,1240
112,5120
139,712
112,4456
112,2351
139,1496
139,632
112,5055
112,2687
139,747
112,5054
112,2644
139,315
112,3546
112,4300
112,2356
112,4140
139,1239
139,193
112,5053
139,297
112,5052
139,1495
112,2346
112,2359
139,1238
112,2959
139,634
112,5051
139,500
139,1237
112,4246
139,1236
112,5050
112,4302
139,214
139,628
139,963
139,1195
112,3558
112,5049
139,974
139,508
139,1494
139,580
139,484
112,4547
112,5048
139,584
139,1235
139,631
139,12
139,227
112,4301
112,4299
139,479
112,5047
112,5046
112,3261
112,536
139,208
139,1493
139,466
112,4455
112,5045
112,4137
112,2349
139,489
112,4546
139,725
112,5044
139,241
112,5043
139,1234
139,194
139,1492
112,5042
139,967
112,4241
112,5041
112,4454
112,5040
112,4453
139,596
139,1491
112,5039
112,3065
112,3012
139,759
112,3683
139,295
112,5038
139,218
112,5037
112,4298
112,5036
112,3693
112,4452
112,3067
112,5035
112,3055
112,4297
112,4242
139,1490
112,5034
139,501
112,5033
139,1194
112,5056
112,5032
112,3527
112,2993
112,5031
112,2970
139,210
139,1489
112,5030
112,4289
112,4139
112,4135
112,4545
112,5029
112,3698
112,3260
112,550
139,457
112,3545
139,490
112,5028
112,4451
112,4450
112,5027
139,720
112,4294
112,3066
139,259
139,1488
112,5026
139,477
139,318
139,1233
112,5025
139,1232
112,4245
112,4232
112,4296
112,5024
112,4291
112,5023
112,3537
112,4244
112,4138
112,5022
139,1487
139,638
112,4236
112,4130
139,478
112,5021
139,60
112,5020
139,226
139,467
112,4736
139,1231
112,3560
112,5019
112,4449
112,3711
112,3681
112,3259
112,518
112,3523
112,5018
139,1486
112,4448
112,4239
112,5017
112,4295
112,4292
112,2673
139,1230
112,2653
139,843
112,5016
139,209
112,5015
112,5014
139,885
139,1193
139,23
112,2978
139,1485
112,5013
112,4125
139,1229
112,5012
139,483
139,317
139,213
112,5011
139,197
139,249
112,4447
112,5010
112,3061
112,5009
112,4293
139,239
139,1484
112,5008
139,314
139,307
112,3258
112,5007
112,246
139,976
139,254
112,4234
139,851
112,5006
112,3525
112,3710
112,4446
112,3690
112,5005
139,1483
139,714
112,3709
112,5004
112,3689
112,3009
112,5003
139,975
112,5002
139,486
112,4290
112,5001
112,3257
112,551
112,5000
112,4999
139,1482
112,4134
139,978
139,257
112,4998
112,2628
139,504
112,4997
112,2814
112,4996
112,4136
112,4116
139,878
112,4995
112,4445
139,230
112,4994
112,222
139,1481
112,4993
112,4992
112,3068
112,4927
139,1228
112,1215
139,1192
112,4123
139,1227
112,3534
112,4926
112,2815
139,859
112,3255
112,3708
112,2945
112,4925
139,450
112,4444
112,2812
112,4924
139,1480
112,3526
112,4923
112,4443
112,3707
112,4922
112,3706
112,2263
112,2682
112,3531
112,4240
112,4921
112,3254
112,512
112,3542
112,4920
112,2966
139,1479
139,891
112,4919
139,729
112,4918
112,4442
112,4917
112,4916
112,3705
139,312
139,204
139,195
112,3704
112,4915
139,847
139,1478
112,2298
112,4914
112,3703
112,3673
112,2669
112,4913
139,298
112,2813
112,2810
112,4912
139,199
139,762
112,4911
112,4910
112,4441
139,1477
112,4909
112,3702
112,4132
112,4908
112,4440
112,4907
112,4906
139,1226
139,255
112,4439
112,4905
139,1191
112,4438
139,1476
112,3008
112,4904
139,972
112,4238
112,4928
112,3701
112,3680
112,4903
112,2811
112,2808
139,65
139,745
112,3700
112,3682
112,4902
112,4437
139,40
112,3059
112,4901
112,2670
112,2665
112,3699
112,4900
139,1475
112,3056
112,4899
112,4436
112,4898
139,507
112,3522
112,4435
139,71
112,4897
139,872
139,834
112,4896
139,1474
139,1225
112,3244
139,1224
112,4895
112,3071
139,469
112,4894
112,4122
139,991
139,61
112,4893
139,1473
112,4231
139,969
112,2809
112,2807
112,4892
139,612
112,4131
112,4434
112,3062
139,476
112,4891
112,4890
139,1223
139,273
112,4433
112,4237
139,1222
112,4889
139,1472
112,4432
112,4431
112,3064
139,711
139,1221
112,4888
139,709
112,2985
139,1220
139,1190
112,2637
139,623
112,4887
112,3688
112,3697
139,987
139,578
112,4886
139,630
112,4885
139,250
139,1407
139,728
139,624
112,2633
112,4430
112,2805
112,4884
139,889
139,848
112,4429
112,2345
112,4883
112,4428
139,866
139,875
112,2634
112,3253
112,252
112,4882
112,2666
139,1406
139,874
112,4881
112,4129
112,4880
112,3252
139,842
112,525
112,4427
112,4879
139,877
139,1405
139,1219
112,4878
112,4235
112,4426
112,2348
112,4877
139,865
139,840
112,2806
112,2431
112,4876
112,3251
112,3250
112,91
139,1404
112,4875
112,4874
112,3249
112,4873
112,3696
112,3695
112,4872
112,2293
139,1218
139,1189
112,4871
112,2429
139,1403
112,4870
112,4227
112,4120
112,4425
112,3694
112,4869
139,621
112,2963
112,4868
139,1217
112,4867
112,2675
112,2365
139,1402
139,212
139,883
112,4866
112,4865
139,886
112,4126
112,2954
139,880
139,743
112,4864
112,4863
112,4424
112,4862
139,1401
112,4233
112,3057
112,4861
112,4423
112,4860
112,2430
112,2428
112,3060
112,3248
112,211
112,4859
112,4128
112,3692
112,2952
112,4422
112,4858
139,1400
139,452
112,4857
139,1151
112,4856
112,4127
112,2629
112,4855
139,964
112,2425
139,270
112,4421
112,4854
139,1399
112,2661
112,4853
112,2427
112,4852
112,564
112,4851
112,2022
139,1188
112,3247
112,193
112,4850
112,4849
112,4420
112,4848
139,617
139,1398
112,4847
139,1150
139,253
139,1149
112,4846
139,1148
112,2426
112,4845
139,1147
112,4844
139,893
112,4843
139,710
112,4842
139,1397
112,4841
139,1146
139,625
139,1145
112,4840
139,1144
112,2423
112,2672
112,2424
139,291
112,4839
112,4419
112,4838
112,4418
112,4837
139,856
112,4836
139,246
139,1396
112,4835
139,858
139,620
139,622
112,4834
112,4124
112,4229
112,4833
139,1143
112,4417
139,228
112,3839
112,4832
112,2344
112,3691
112,3679
139,243
112,2421
112,4831
112,2663
112,3051
139,626
112,4830
112,2358
139,1395
112,4829
139,280
112,3838
139,1142
112,4828
139,960
112,4827
112,3837
112,4826
139,870
112,4825
139,1187
139,293
139,1394
112,4824
112,2422
112,3836
112,4119
112,4823
112,2420
112,4822
112,4821
112,3521
112,4820
112,2651
112,3044
112,4819
139,1393
139,233
139,1141
112,4230
112,4818
112,4817
139,635
112,3835
112,4816
112,4815
139,1140
112,2418
112,2357
112,4814
139,1392
139,485
112,4813
139,845
112,3246
112,110
112,4812
139,482
112,3834
112,2347
112,2419
112,4811
112,3833
112,3832
112,3058
112,3831
112,4810
112,4809
112,3830
112,3829
139,1391
112,4808
139,619
139,491
112,3776
112,4807
112,4806
112,2417
139,849
112,4805
112,2630
112,4804
112,3828
112,3070
139,873
112,3827
112,4803
112,3826
139,1390
112,4802
112,2664
112,4801
139,1186
112,4800
112,3825
112,4671
112,3046
112,3824
139,1389
112,3823
112,3822
112,2414
112,2677
112,4670
112,3043
139,474
112,4669
112,3821
112,2668
112,3245
112,97
112,4668
112,2662
112,4667
139,487
139,1388
112,4666
139,237
112,4226
112,2627
139,767
112,3049
112,4665
112,3820
112,4099
112,4664
112,3687
112,3045
139,884
112,4663
112,2416
112,3041
112,2415
112,2413
139,1387
139,296
112,4662
112,4672
112,3819
112,3818
112,3817
112,3035
112,2273
112,3816
139,868
112,2676
112,4661
112,4228
112,2658
112,4660
139,1386
112,3686
112,2095
112,4659
112,3069
112,4118
112,1214
112,4658
139,247
112,4657
112,3685
139,1185
112,4656
139,1385
139,105
139,1408
112,2944
112,3815
112,4655
112,2671
112,3814
112,4654
112,2366
139,104
139,1139
112,4653
139,613
112,2361
139,1384
112,4652
139,864
112,4651
139,748
139,841
112,3813
112,3812
112,3047
112,3811
112,4650
139,472
139,198
112,1210
112,3327
139,1383
112,4649
112,3810
112,1213
112,4648
139,871
112,1212
112,4647
112,2636
112,1209
112,3052
112,4646
112,3809
112,1211
139,1382
112,4645
112,2667
112,4644
112,1776
112,2099
112,4643
112,4642
139,857
112,4641
139,1381
139,879
112,4640
112,4639
139,1184
112,4638
112,3243
112,27
112,2642
112,3684
112,563
112,3808
112,4637
112,1208
139,1380
112,4636
139,854
112,4635
112,3242
112,1045
112,4121
112,2659
112,3807
112,4634
112,3316
112,4101
112,3806
112,1206
112,3805
112,4633
112,2355
139,1379
112,3063
112,4632
112,2950
112,4631
112,4630
112,4117
112,4111
112,1207
139,1378
112,4629
112,3804
112,4628
112,2626
112,4627
112,4626
139,862
112,3967
139,888
139,1377
112,4625
112,2352
112,4624
112,240
112,3803
112,3802
112,4623
112,4115
112,3965
112,243
112,3801
112,4622
139,1183
112,2660
139,1376
112,4621
112,4620
112,4619
112,2655
139,238
112,4618
112,3800
112,3799
139,1375
112,3023
112,3798
112,4617
112,4616
139,455
112,3324
112,4114
112,3966
112,3963
112,4615
112,4482
112,4112
139,1374
112,4614
112,3021
112,4113
112,3797
112,4613
139,861
139,844
112,3796
112,4612
112,3036
139,894
139,1373
112,4611
112,3964
112,3678
112,2294
112,2646
112,4610
112,4609
112,3032
112,3795
139,1372
112,3677
112,4608
112,3053
139,1182
112,4415
112,3325
112,3676
112,4414
112,3039
112,3961
112,3794
139,1371
112,2271
112,3675
112,2972
112,2354
112,2267
112,4413
112,4412
112,4107
112,3793
112,3792
112,4411
112,2955
139,1370
112,3030
112,4481
112,4410
112,4409
112,2268
112,3238
112,3791
139,1138
112,4109
112,4408
112,3790
112,3034
139,1369
112,4407
112,3789
112,4406
112,3037
112,3787
112,3018
112,3786
112,3959
112,4405
112,3674
112,2290
139,1368
112,3042
112,3050
112,4404
112,3785
112,3784
112,2343
112,4403
139,215
112,3040
112,3054
112,4402
139,1181
139,1367
112,3962
112,3960
112,3028
112,4401
112,3322
112,3783
112,3782
112,4400
139,51
112,4399
112,3781
139,869
139,1366
112,3010
112,2631
112,3323
112,4398
139,1137
112,4110
112,3672
139,1136
112,4397
112,3780
112,4396
139,1365
112,2650
112,3779
112,4480
112,3048
112,4395
112,3778
112,3957
112,3777
112,4394
112,4225
139,229
112,4393
139,1364
139,1135
112,4392
112,2625
112,3583
112,2962
112,4391
112,2654
139,850
112,4390
139,1363
112,4389
112,3949
139,1180
112,4388
112,3582
112,2656
112,3648
112,4100
112,4387
139,1362
112,4386
112,3958
112,3033
112,4385
112,4384
112,3956
139,1361
112,3024
112,3580
112,2279
112,4383
112,3579
112,3578
112,3671
139,303
112,2973
112,2350
112,4382
112,3022
139,1134
112,4381
139,1360
112,4380
112,3239
112,3237
112,4379
112,3318
139,274
112,4378
112,4103
112,3955
139,1359
112,4377
112,3321
112,4376
112,3670
112,4375
112,2266
139,1179
139,1358
112,4374
112,4373
112,2988
112,4372
112,3577
112,3954
112,4544
112,3031
112,4371
139,1357
112,3669
112,2951
112,4370
139,1133
112,2056
139,1132
112,4369
112,2969
139,1131
139,1356
112,4368
112,2269
112,4367
112,4366
112,3668
112,3667
112,2280
112,3576
112,3953
112,2283
139,1355
112,4365
139,458
139,292
112,2064
112,4108
112,4364
139,1130
112,3575
112,2657
112,3320
139,608
112,4363
112,3574
112,2362
139,616
139,1129
139,1354
112,4362
139,287
139,753
112,4361
139,1128
139,1178
112,4360
112,2360
112,3666
112,4359
139,1353
112,2285
112,3952
112,4416
112,3571
112,4358
139,9
112,4357
112,4356
139,1352
139,289
139,48
112,4355
112,3319
112,2641
112,3236
112,4354
112,4105
112,3038
112,4353
139,1351
112,3951
112,4352
112,4102
112,4223
112,3665
112,3664
112,2965
112,2968
112,4222
139,1350
112,4221
112,3663
112,2979
112,4220
112,4106
139,313
112,4219
112,3662
112,3950
139,1349
112,3317
112,2967
139,1177
112,3661
112,2292
112,4218
112,4217
112,4216
139,1348
112,2721
112,4215
112,3660
139,1127
112,4104
139,72
112,4214
139,294
112,4213
139,1347
112,2640
112,2964
112,3659
112,2947
112,4212
112,2649
112,4211
112,4288
112,2060
139,1346
112,4210
112,3566
112,562
112,4209
112,4208
112,4207
139,1345
112,3658
112,2262
112,3565
112,4206
112,3315
112,2071
112,3235
112,3563
139,1176
112,4205
112,4097
112,4204
139,1344
112,3285
112,3948
112,1205
112,3370
112,4203
112,4202
112,2108
112,2723
139,1343
112,3657
112,4201
112,2272
112,4200
112,3282
112,2718
112,4199
112,2702
139,1342
112,4198
112,4197
139,1126
139,75
112,4196
139,1341
112,3947
112,4195
112,4194
112,2053
112,4193
112,3656
139,1340
112,4192
112,3655
139,1175
112,2961
112,2276
139,1125
112,3234
112,1078
112,3210
112,1068
112,4191
112,2059
112,2051
112,4190
112,3208
112,3943
112,4189
139,1339
112,3314
112,4188
112,3654
112,2288
112,3233
112,1071
112,4187
112,3561
112,4186
139,1338
139,288
112,3559
112,4185
112,3224
112,3946
112,4098
112,4184
112,4183
112,4224
139,1337
112,4182
112,3945
139,1124
112,4181
112,2353
112,4180
112,3653
112,2958
139,1336
112,4179
112,4178
139,1123
112,3652
112,3944
139,1122
139,1174
112,4177
112,4176
139,1335
112,2289
112,2685
139,615
112,4175
112,2722
139,610
112,4174
112,2645
112,3284
139,1121
112,4173
112,3942
139,1334
112,4172
139,1120
112,4171
139,1119
139,605
112,4170
112,4096
112,1204
112,3368
112,4169
139,1333
112,4168
112,3651
112,2975
112,4167
112,4166
112,3941
112,4165
139,1332
112,4164
112,3313
112,4163
112,4162
112,3548
112,4161
139,609
112,3940
139,1331
139,1173
112,4160
112,2751
112,4095
139,611
112,3650
112,4094
112,2264
112,4093
139,1330
112,3649
112,3232
112,2052
112,4092
112,3939
139,225
112,4091
112,2976
112,4090
112,3231
112,4089
112,3312
139,1329
112,4088
112,1046
112,3938
112,4087
112,4086
139,1118
112,3007
112,3544
112,4085
112,2750
139,1328
112,2981
139,1117
112,4084
112,3006
112,2284
112,4083
112,3937
112,4082
112,1080
139,290
112,4081
139,1327
112,4080
112,3005
112,4079
139,1172
112,3311
112,2960
112,4078
139,1116
112,3936
112,4077
112,3230
139,1326
112,1087
112,4076
112,4075
139,1115
112,2749
112,4074
112,4073
112,3004
139,1325
112,3003
112,3935
112,4072
139,19
112,4071
139,601
139,1114
112,3229
112,2300
112,2957
112,4070
112,1065
112,4069
139,1324
112,4068
139,600
112,3310
112,3934
112,4067
112,4066
112,3002
112,2984
112,4065
139,1323
112,4064
112,2748
112,4063
112,3933
112,3001
112,3228
112,2302
112,4062
112,2050
112,3227
112,2048
112,3226
112,4061
139,1322
139,1171
112,1066
112,4060
139,1113
139,285
112,3000
112,4059
112,2987
112,4058
112,3932
112,3309
112,4057
139,1321
139,1112
112,4056
112,4055
112,4054
139,598
112,2747
112,4053
139,1320
112,3931
112,3225
112,4052
112,1076
112,4051
112,4050
139,1319
112,4049
139,1111
112,4048
112,3930
112,2999
112,2998
112,4047
112,2286
112,3308
112,2270
112,4046
112,1070
112,3223
139,1318
112,4045
112,2997
139,1110
139,1109
112,1085
112,2291
112,4044
139,585
112,4043
112,3929
139,1170
112,2746
112,4042
139,37
112,3222
139,1317
112,4041
112,1086
112,2996
112,4040
112,2287
112,4039
112,4038
112,3928
139,240
139,1108
139,1316
112,4037
112,3221
139,603
112,3307
112,4036
112,1075
139,1107
112,4035
112,4034
139,1315
112,3927
112,4033
112,2995
112,2745
112,4032
112,2948
112,4031
139,271
112,4030
139,1106
139,1314
112,4029
139,593
112,3926
112,4028
112,4027
112,4026
112,2994
112,2983
112,3306
139,1313
112,4025
139,1169
112,4024
112,3925
112,4023
112,4022
139,607
112,2744
139,1312
112,4021
112,3220
112,2049
139,1105
112,3219
112,4020
112,1084
112,4019
112,3924
112,4018
139,1311
139,1104
112,4017
112,4016
139,1103
112,2992
112,4015
112,3305
112,4014
112,3923
139,1310
139,1102
139,220
112,4013
139,222
139,602
112,4012
139,1101
112,4011
112,2743
112,2949
112,2278
112,4010
139,1309
112,4009
112,3922
112,4008
112,3218
112,1050
139,587
139,1168
112,4007
112,4006
112,3217
112,1074
139,1308
139,1100
112,4005
112,3304
139,282
112,4004
112,3921
112,4003
139,1099
112,4002
139,1098
139,1307
112,4001
112,2742
112,3216
112,4000
112,1083
112,3999
139,284
112,3920
139,1097
139,283
139,597
112,3998
139,1306
112,3997
112,3215
139,223
112,3996
112,1069
112,2991
112,2303
112,3995
112,3994
112,3919
112,3303
139,1305
112,3993
112,2990
112,3992
112,3991
112,2295
139,1096
139,595
112,3990
112,2741
139,1304
139,1167
112,3989
112,3918
112,3988
112,3987
112,3986
139,1303
112,3985
112,3917
112,3984
112,3302
112,3983
112,3982
139,1302
112,3981
112,3980
112,2740
112,3916
112,3979
112,3978
139,1301
112,3977
112,3976
112,3975
112,3915
112,3974
139,1300
112,3973
112,2989
112,3301
112,2277
112,3972
139,1095
139,1166
112,3971
112,2946
112,3970
139,1299
112,3914
112,2980
112,3969
112,2739
112,3968
112,3903
139,1094
112,3902
139,1298
139,219
112,3901
112,3913
112,3900
112,3899
112,3300
112,3898
139,614
139,1297
112,3897
112,3896
112,3912
112,3895
112,2738
112,3894
139,1296
112,3893
112,2986
112,2296
112,3892
112,3891
112,3911
139,1093
139,1295
112,3890
139,1165
139,599
112,3889
112,3888
112,3214
112,1082
112,3299
112,3887
139,1294
112,3886
112,3910
112,3885
112,3884
112,2737
112,3883
139,1293
112,3882
112,3881
112,3909
112,3880
112,3879
139,1292
112,3878
112,3213
112,1047
139,1092
112,3298
112,3877
112,3876
112,3908
112,3875
139,1291
112,3874
112,3873
112,2736
112,3872
139,1164
112,3871
112,3907
139,1290
112,3870
112,3869
139,1091
112,3868
112,3867
112,3297
139,1289
112,3906
112,3866
112,3865
139,590
139,1090
112,3864
112,3863
112,2735
139,1288
139,1089
112,3862
139,1023
112,3905
139,606
112,3861
139,260
112,3860
139,1022
112,3859
139,1287
112,3858
139,704
112,3857
112,3904
139,286
112,3856
112,3296
112,3855
139,277
139,1286
112,3854
139,1163
112,3853
112,3852
112,2734
112,3391
112,3851
139,1285
112,3850
112,3849
112,3848
112,3847
112,3390
139,1284
112,3846
112,3295
112,3845
112,3844
112,3843
139,1283
112,2982
112,3842
112,2956
112,3389
112,2733
112,3841
112,3840
112,3775
139,1282
112,3774
112,3773
112,3388
139,589
139,1162
112,3772
112,3771
112,3294
139,1281
112,3770
112,3769
112,3768
112,3387
112,3767
112,2732
139,1280
112,3766
112,3765
112,3764
112,3763
112,3386
139,1087
112,3762
112,3761
112,3293
112,3760
112,3759
139,1086
112,3758
112,3385
139,1020
112,3757
112,2731
112,3756
139,1216
112,3755
139,1085
139,265
139,1161
112,3754
139,592
112,3384
112,3753
112,3752
112,3212
112,1077
112,3751
139,1084
112,3211
112,1072
139,1019
112,3750
139,1018
112,3292
112,3749
139,588
112,3383
112,3748
112,3747
139,1083
112,3746
112,2730
112,3745
112,3209
112,3744
112,1073
139,1017
139,69
112,3382
112,3743
139,1082
112,3742
112,3741
112,1079
112,3740
139,1016
139,1015
139,1014
112,3207
112,3291
112,1081
112,3739
139,1081
112,3381
112,3738
112,3737
139,1160
139,267
139,586
112,3736
112,2729
112,3735
139,1080
139,217
112,3734
112,3380
112,3733
112,3732
139,1013
112,3731
139,1079
112,3730
139,281
112,3729
112,3290
112,3379
112,3728
112,3727
139,1078
112,3726
112,3725
112,2728
112,3724
112,3378
139,1077
112,3723
139,1012
112,3722
112,3721
112,3720
139,1076
112,3719
139,275
112,3377
139,1159
112,3289
112,3718
139,498
112,3717
112,3716
112,2977
139,1075
112,3715
112,3714
112,2727
112,3376
112,3713
112,3712
139,1074
112,3647
112,3646
112,3645
112,3375
112,3644
112,3288
139,1073
112,3643
112,3642
112,3641
112,3374
112,3640
139,1011
112,2726
139,1072
112,3639
112,3638
112,3637
139,1158
112,3636
139,1071
112,3373
112,3635
112,3634
112,3633
112,3287
139,1010
112,3632
139,1070
112,3631
139,1009
112,3372
112,3630
112,3629
112,2725
112,3628
139,1069
139,224
112,3627
112,3626
112,3371
139,1008
112,3625
139,604
112,3624
139,1068
139,1007
112,3623
139,67
112,3286
112,3622
112,2974
112,3621
112,2281
112,3620
139,1067
112,3619
139,1157
112,2724
112,3618
112,3617
112,3616
139,1066
112,3615
112,3369
112,3367
112,3614
112,2804
112,2761
139,1006
112,3613
112,3206
139,1065
112,1059
112,3612
112,3365
112,3611
112,3366
112,3610
139,1064
112,3609
112,3608
139,216
112,3607
139,1063
112,3606
139,1005
112,3605
139,1004
112,3283
139,1156
112,1064
112,3604
139,1062
112,3603
112,2094
139,591
112,3364
112,3602
139,1003
139,10
112,3601
139,1002
139,1061
112,2719
112,3600
112,561
112,3599
139,59
112,2299
112,3598
139,1060
112,3597
139,276
112,3596
112,3595
112,3281
112,3362
139,1059
112,3594
112,3205
112,1060
112,3593
112,3592
112,3276
112,3591
139,1058
139,1155
112,3590
112,2111
112,1057
112,2717
112,2713
112,3589
139,1057
112,3588
112,3363
112,3357
112,3587
112,2110
112,1058
139,594
112,3586
112,3356
112,3361
112,3280
112,3585
139,1056
112,3584
112,2720
112,3519
112,3518
139,1055
112,3517
112,3516
112,3515
139,1054
112,3360
112,3514
112,3513
112,3359
112,3358
139,1154
112,3512
112,2716
139,1053
112,3511
112,3510
139,999
112,3275
112,2712
112,3509
139,252
112,3508
139,1052
112,2109
112,3507
112,3355
139,998
112,3506
139,506
112,3505
139,1051
112,3504
112,3266
112,3503
139,996
112,3502
139,1050
112,3501
112,3353
112,3500
112,3279
112,3499
139,995
139,1049
112,3498
112,1056
139,1153
112,3497
112,3496
139,221
112,3495
139,1048
112,3351
112,3354
139,993
112,3494
139,992
112,3493
112,3492
139,1047
112,3491
112,3490
112,3352
112,3489
139,1046
112,3349
112,3488
112,2715
112,3487
112,3486
139,1045
112,2796
112,3485
112,2075
112,3484
112,3278
139,1152
112,3483
112,3350
112,3482
139,1044
112,2073
112,3481
112,3480
112,3347
112,3479
139,986
112,3478
139,1043
112,3477
112,3476
112,3475
112,2714
112,3474
139,1042
112,3473
112,2107
112,1054
112,2072
112,3472
112,3348
112,3277
112,3471
139,983
139,1041
112,3345
112,2106
112,1067
112,3470
112,3469
112,3468
139,981
139,1040
112,3467
139,447
112,3466
139,979
112,2698
112,3465
112,3464
139,1039
139,977
139,269
112,3270
112,3463
112,3346
112,3462
112,3341
112,3461
139,278
139,1038
112,3460
112,3459
139,579
112,3274
112,3458
112,3457
139,1037
112,3456
112,3344
112,3342
112,3455
112,2711
112,3454
112,2105
112,552
139,1036
112,3453
112,3343
112,3452
112,3451
139,446
112,3450
139,1035
112,3449
112,3338
112,3448
139,13
112,3447
112,2104
112,3446
139,1034
112,3445
112,3269
112,2704
112,3444
112,3443
112,3442
139,1033
112,3441
112,3340
112,3440
112,3339
112,3439
112,2282
112,3337
112,3273
112,3438
139,1032
112,3437
112,3436
112,2710
112,3435
112,3434
139,1031
139,445
112,3433
112,2103
112,1052
112,3432
112,3431
139,1030
112,3430
112,3336
112,3429
139,965
112,3428
112,3272
112,2102
112,3427
139,1029
112,3426
112,2709
112,3425
112,3424
112,3423
139,1028
112,3422
112,3335
112,3421
112,3420
112,3419
139,1027
112,3418
112,3271
112,3417
139,444
112,3416
112,2706
139,1026
112,2101
112,1051
112,3415
112,3414
139,266
112,3413
112,3333
112,3412
139,1025
112,3411
112,3410
112,3409
112,3408
112,3267
139,1024
112,3407
112,2100
112,3406
112,2708
112,2703
112,3405
139,262
112,3334
112,3331
112,3404
139,959
112,3403
112,1061
112,3402
112,3268
112,3401
139,958
112,1775
112,3400
139,443
112,3399
112,3398
112,3397
139,957
112,2274
112,3396
112,3332
112,3329
112,3395
112,2098
112,1055
112,3394
139,887
112,3393
139,956
112,3204
112,3203
112,3392
112,3199
112,2705
112,3198
139,955
112,2301
112,3197
112,3196
112,3330
112,3328
112,3195
112,3194
139,954
112,2097
112,3193
112,2096
112,3192
112,3264
112,2700
139,442
112,3191
112,2275
139,953
112,3190
112,3189
112,3265
112,3188
112,3187
112,2802
139,952
112,3186
112,3185
112,3184
112,2699
112,3183
139,951
112,3182
112,3181
112,3180
112,2803
139,950
112,3179
112,3178
112,2801
112,3177
112,40
112,3176
139,949
112,2023
112,3175
139,441
112,3174
112,3202
112,3173
112,3172
139,948
112,3171
112,3170
112,3169
112,2799
139,947
112,3168
112,3167
112,3166
112,3165
112,2047
139,946
112,3164
112,3163
112,3162
112,3161
112,1049
112,2800
139,945
112,2798
112,3160
112,3201
112,3159
139,440
112,3158
139,944
112,3157
112,3200
112,3156
112,107
112,755
112,3155
112,1025
112,3154
139,943
112,1024
112,3153
112,3152
112,3151
112,1048
139,942
112,3150
112,2697
112,3149
112,2046
112,2797
112,2794
112,3148
139,941
112,3147
112,2093
112,1044
112,3146
112,3145
112,2795
112,2786
112,3144
139,940
139,439
112,3143
112,2793
112,3142
112,3141
112,3140
139,939
112,3139
112,3138
112,1039
112,2792
112,3137
112,3136
139,938
112,2696
112,3135
112,2045
112,2092
112,1040
112,3134
112,2091
112,1042
112,3133
112,2791
112,3132
139,937
112,3131
112,3130
112,3129
112,3128
139,936
112,2790
112,3127
112,3126
112,3125
139,438
112,2090
112,2695
112,2044
112,3124
139,935
112,3123
112,2789
112,3122
112,3121
112,3120
139,934
112,3119
112,3118
112,2788
112,3117
112,3116
139,933
112,3115
112,3114
112,2694
112,2043
112,3113
112,2787
112,3112
139,932
112,3111
112,3110
112,3109
112,3108
139,931
112,3107
139,437
112,3106
112,3105
112,3104
139,930
112,2693
112,3103
112,2042
112,2785
112,3102
112,3101
139,929
112,3100
112,3099
112,3098
139,928
112,3097
112,2784
112,3096
112,3095
112,2692
112,2041
112,3094
139,927
112,2089
112,3093
112,1043
112,2088
112,3092
112,1038
139,436
112,2087
112,1036
112,3091
139,926
112,2783
112,3090
112,2086
112,2085
112,1029
112,1032
112,3089
112,2084
112,1031
112,3088
139,925
112,3087
112,2083
112,1026
112,3086
112,2691
112,2040
112,3085
139,924
112,2782
112,3084
112,3083
112,3082
139,923
112,3081
112,2082
112,1037
112,3080
112,3079
139,922
112,2781
112,3078
112,2690
139,435
112,2039
112,3077
112,3076
112,3075
139,921
112,3074
112,3073
112,2780
112,3072
139,920
112,2943
112,2942
112,1791
112,2941
112,2038
139,919
112,2081
112,1035
112,2940
112,2080
112,1030
112,2939
112,2779
112,2938
139,918
112,2937
112,2936
139,434
112,2935
139,917
112,2934
112,2933
112,1790
112,2037
112,2778
112,2079
112,2932
112,553
139,916
112,2931
112,2930
112,2929
112,2928
139,915
112,2927
112,2777
112,2926
112,2925
139,914
112,1789
112,2924
112,2036
112,2923
112,2922
139,913
112,2921
139,433
112,2776
112,2920
112,2919
139,912
112,2918
112,2917
112,2916
112,1788
112,2035
139,911
112,2915
112,2775
112,2914
112,2913
139,910
112,2912
112,2911
112,2910
139,909
112,2909
112,2908
112,2774
112,1787
112,2907
112,2034
139,432
112,2906
139,908
112,2905
112,2904
112,2903
139,907
112,2902
112,2773
112,2901
112,2900
139,906
112,2899
112,1786
112,2033
112,2898
112,2897
139,905
112,2896
112,2772
112,2895
112,2894
139,904
112,2893
139,431
112,2892
112,2891
112,1785
139,903
112,2032
112,2890
112,2771
112,2889
112,2888
112,2887
139,902
112,2886
112,560
112,2885
112,2884
112,2770
139,901
112,2883
112,2882
112,1784
112,2031
112,2881
139,900
112,2880
112,2879
112,2878
139,430
112,2769
139,899
112,2877
112,2876
112,2875
139,898
112,2874
112,1783
112,2030
112,2873
112,2872
112,2768
139,897
112,2871
112,2870
112,2869
139,896
112,2868
112,2867
112,2866
112,2767
112,2078
112,2865
112,1782
139,831
112,1034
112,2029
112,2864
139,429
112,2863
112,2862
139,830
112,2861
112,2860
112,2077
112,2766
112,1028
112,2076
112,2859
139,829
112,2074
112,2858
112,1033
112,1027
112,2857
112,1781
112,2028
112,2856
139,828
112,2855
112,2854
112,2765
112,2853
139,827
112,2852
112,2851
112,2850
139,428
139,826
112,2849
112,1780
112,2848
112,2764
112,2027
112,2847
112,2846
139,825
112,2845
112,2844
112,2843
139,824
112,2842
112,2763
112,2841
112,2840
